cdm = [
3380113660.8437	0.0000	0.0518	60.0085	-0.0046	0.0092	0.0000	0.0000	0.0000	31.2500	0.0000	0.0000	0.0000	0.0000	0.0000	0.0000	0.0000
3380113660.8594	0.0000	0.0518	60.0085	-0.0046	0.0092	0.0000	0.0000	0.0000	31.2500	0.0000	0.0000	0.0000	0.0000	0.0000	0.0000	0.0000
3380113660.8750	0.0000	0.0518	60.0085	-0.0046	0.0092	0.0000	0.0000	0.0000	15.6250	0.0000	0.0000	0.0000	0.0000	0.0000	0.0000	0.0000
3380113660.8906	0.0000	0.0518	60.0085	-0.0046	0.0092	0.0000	0.0000	0.0000	15.6250	0.0000	0.0000	0.0000	0.0000	0.0000	0.0000	0.0000
3380113660.9219	0.0000	0.0518	60.0085	-0.0046	0.0092	0.0000	0.0000	0.0000	15.6250	0.0000	0.0000	0.0000	0.0000	0.0000	0.0000	0.0000
3380113660.9375	0.0000	0.0518	60.0085	-0.0046	0.0092	0.0000	0.0000	0.0000	31.2500	0.0000	0.0000	0.0000	0.0000	0.0000	0.0000	0.0000
3380113660.9531	0.0000	0.0518	60.0085	-0.0046	0.0092	0.0000	0.0000	0.0000	15.6250	0.0000	0.0000	0.0000	0.0000	0.0000	0.0000	0.0000
3380113660.9844	0.0000	0.0518	60.0085	-0.0046	0.0092	0.0000	0.0000	0.0000	15.6250	0.0000	0.0000	0.0000	0.0000	0.0000	0.0000	0.0000
3380113661.0000	0.0000	0.0518	60.0085	-0.0046	0.0092	0.0000	0.0000	0.0000	31.2500	0.0000	0.0000	0.0000	0.0000	0.0000	0.0000	0.0000
3380113661.0156	0.0000	0.0518	60.0085	-0.0046	0.0092	0.0000	0.0000	0.0000	15.6250	0.0000	0.0000	0.0000	0.0000	0.0000	0.0000	0.0000
3380113661.0312	0.0000	0.0518	60.0085	-0.0046	0.0092	0.0000	0.0000	0.0000	15.6250	0.0000	0.0000	0.0000	0.0000	0.0000	0.0000	0.0000
3380113661.0625	0.0000	0.0518	60.0085	-0.0046	0.0092	0.0000	0.0000	0.0000	15.6250	0.0000	0.0000	0.0000	0.0000	0.0000	0.0000	0.0000
3380113661.0781	0.0000	0.0518	60.0085	-0.0046	0.0092	0.0000	0.0000	0.0000	31.2500	0.0000	0.0000	0.0000	0.0000	0.0000	0.0000	0.0000
3380113661.0937	0.0000	0.0518	60.0085	-0.0046	0.0092	0.0000	0.0000	0.0000	15.6250	0.0000	0.0000	0.0000	0.0000	0.0000	0.0000	0.0000
3380113661.1250	0.0000	0.0518	60.0085	-0.0046	0.0092	0.0000	0.0000	0.0000	15.6250	0.0000	0.0000	0.0000	0.0000	0.0000	0.0000	0.0000
3380113661.1406	0.0000	0.0518	60.0085	-0.0046	0.0092	0.0000	0.0000	0.0000	31.2500	0.0000	0.0000	0.0000	0.0000	0.0000	0.0000	0.0000
3380113661.1562	0.0000	0.0518	60.0085	-0.0046	0.0092	0.0000	0.0000	0.0000	15.6250	0.0000	0.0000	0.0000	0.0000	0.0000	0.0000	0.0000
3380113661.1719	0.0000	0.0518	60.0085	-0.0046	0.0092	0.0000	0.0000	0.0000	15.6250	0.0000	0.0000	0.0000	0.0000	0.0000	0.0000	0.0000
3380113661.2031	0.0000	0.0518	60.0085	-0.0046	0.0092	0.0000	0.0000	0.0000	15.6250	0.0000	0.0000	0.0000	0.0000	0.0000	0.0000	0.0000
3380113661.2187	0.0000	0.0518	60.0085	-0.0046	0.0092	0.0000	0.0000	0.0000	31.2500	0.0000	0.0000	0.0000	0.0000	0.0000	0.0000	0.0000
3380113661.2344	0.0000	0.0518	60.0085	-0.0046	0.0092	0.0000	0.0000	0.0000	15.6250	0.0000	0.0000	0.0000	0.0000	0.0000	0.0000	0.0000
3380113661.2656	0.0000	0.0518	60.0085	-0.0046	0.0092	0.0000	0.0000	0.0000	15.6250	0.0000	0.0000	0.0000	0.0000	0.0000	0.0000	0.0000
3380113661.2812	0.0000	0.0518	60.0085	-0.0046	0.0092	0.0000	0.0000	0.0000	31.2500	0.0000	0.0000	0.0000	0.0000	0.0000	0.0000	0.0000
3380113661.2969	0.0000	0.0518	60.0085	-0.0046	0.0092	0.0000	0.0000	0.0000	15.6250	0.0000	0.0000	0.0000	0.0000	0.0000	0.0000	0.0000
3380113661.3125	0.0000	0.0518	60.0085	-0.0046	0.0092	0.0000	0.0000	0.0000	15.6250	0.0000	0.0000	0.0000	0.0000	0.0000	0.0000	0.0000
3380113661.3437	0.0000	0.0518	60.0085	-0.0046	0.0092	0.0000	0.0000	0.0000	15.6250	0.0000	0.0000	0.0000	0.0000	0.0000	0.0000	0.0000
3380113661.3594	0.0000	0.0518	60.0085	-0.0046	0.0092	0.0000	0.0000	0.0000	31.2500	0.0000	0.0000	0.0000	0.0000	0.0000	0.0000	0.0000
3380113661.3750	0.0000	0.0518	60.0085	-0.0046	0.0092	0.0000	0.0000	0.0000	15.6250	0.0000	0.0000	0.0000	0.0000	0.0000	0.0000	0.0000
3380113661.3906	0.0000	0.0518	60.0085	-0.0046	0.0092	0.0000	0.0000	0.0000	15.6250	0.0000	0.0000	0.0000	0.0000	0.0000	0.0000	0.0000
3380113661.4219	0.0000	0.0518	60.0085	-0.0046	0.0092	0.0000	0.0000	0.0000	15.6250	0.0000	0.0000	0.0000	0.0000	0.0000	0.0000	0.0000
3380113661.4375	0.0000	0.0518	60.0085	-0.0046	0.0092	0.0000	0.0000	0.0000	31.2500	0.0000	0.0000	0.0000	0.0000	0.0000	0.0000	0.0000
3380113661.4531	0.0000	0.0518	60.0085	-0.0046	0.0092	0.0000	0.0000	0.0000	15.6250	0.0000	0.0000	0.0000	0.0000	0.0000	0.0000	0.0000
3380113661.4844	0.0000	0.0518	60.0085	-0.0046	0.0092	0.0000	0.0000	0.0000	15.6250	0.0000	0.0000	0.0000	0.0000	0.0000	0.0000	0.0000
3380113661.5000	0.0000	0.0518	60.0085	-0.0046	0.0092	0.0000	0.0000	0.0000	31.2500	0.0000	0.0000	0.0000	0.0000	0.0000	0.0000	0.0000
3380113661.5156	0.0000	0.0518	60.0085	-0.0046	0.0092	0.0000	0.0000	0.0000	15.6250	0.0000	0.0000	0.0000	0.0000	0.0000	0.0000	0.0000
3380113661.5312	0.0000	0.0518	60.0085	-0.0046	0.0092	0.0000	0.0000	0.0000	15.6250	0.0000	0.0000	0.0000	0.0000	0.0000	0.0000	0.0000
3380113661.5625	0.0000	0.0518	60.0085	-0.0046	0.0092	0.0000	0.0000	0.0000	15.6250	0.0000	0.0000	0.0000	0.0000	0.0000	0.0000	0.0000
3380113661.5781	0.0000	0.0518	60.0085	-0.0046	0.0092	0.0000	0.0000	0.0000	31.2500	0.0000	0.0000	0.0000	0.0000	0.0000	0.0000	0.0000
3380113661.5937	0.0000	0.0518	60.0085	-0.0046	0.0092	0.0000	0.0000	0.0000	15.6250	0.0000	0.0000	0.0000	0.0000	0.0000	0.0000	0.0000
3380113661.6250	0.0000	0.0518	60.0085	-0.0046	0.0092	0.0000	0.0000	0.0000	15.6250	0.0000	0.0000	0.0000	0.0000	0.0000	0.0000	0.0000
3380113661.6406	0.0000	0.0518	60.0085	-0.0046	0.0092	0.0000	0.0000	0.0000	31.2500	0.0000	0.0000	0.0000	0.0000	0.0000	0.0000	0.0000
3380113661.6562	0.0000	0.0518	60.0085	-0.0046	0.0092	0.0000	0.0000	0.0000	15.6250	0.0000	0.0000	0.0000	0.0000	0.0000	0.0000	0.0000
3380113661.6719	0.0000	0.0518	60.0085	-0.0046	0.0092	0.0000	0.0000	0.0000	15.6250	0.0000	0.0000	0.0000	0.0000	0.0000	0.0000	0.0000
3380113661.7031	0.0000	0.0518	60.0085	-0.0046	0.0092	0.0000	0.0000	0.0000	15.6250	0.0000	0.0000	0.0000	0.0000	0.0000	0.0000	0.0000
3380113661.7187	0.0000	0.0518	60.0085	-0.0046	0.0092	0.0000	0.0000	0.0000	31.2500	0.0000	0.0000	0.0000	0.0000	0.0000	0.0000	0.0000
3380113661.7344	0.0000	0.0518	60.0085	-0.0046	0.0092	0.0000	0.0000	0.0000	15.6250	0.0000	0.0000	0.0000	0.0000	0.0000	0.0000	0.0000
3380113661.7656	0.0000	0.0518	60.0085	-0.0046	0.0092	0.0000	0.0000	0.0000	15.6250	0.0000	0.0000	0.0000	0.0000	0.0000	0.0000	0.0000
3380113661.7812	0.0000	0.0518	60.0085	-0.0046	0.0092	0.0000	0.0000	0.0000	31.2500	0.0000	0.0000	0.0000	0.0000	0.0000	0.0000	0.0000
3380113661.7969	0.0000	0.0518	60.0085	-0.0046	0.0092	0.0000	0.0000	0.0000	15.6250	0.0000	0.0000	0.0000	0.0000	0.0000	0.0000	0.0000
3380113661.8125	0.0000	0.0518	60.0085	-0.0046	0.0092	0.0000	0.0000	0.0000	15.6250	0.0000	0.0000	0.0000	0.0000	0.0000	0.0000	0.0000
3380113661.8437	0.0000	0.0518	60.0085	-0.0046	0.0092	0.0000	0.0000	0.0000	15.6250	0.0000	0.0000	0.0000	0.0000	0.0000	0.0000	0.0000
3380113661.8594	0.0000	0.0518	60.0085	-0.0046	0.0092	0.0000	0.0000	0.0000	31.2500	0.0000	0.0000	0.0000	0.0000	0.0000	0.0000	0.0000
3380113661.8750	0.0000	0.0518	60.0085	-0.0046	0.0092	0.0000	0.0000	0.0000	15.6250	0.0000	0.0000	0.0000	0.0000	0.0000	0.0000	0.0000
3380113661.8906	0.0000	0.0518	60.0085	-0.0046	0.0092	0.0000	0.0000	0.0000	15.6250	0.0000	0.0000	0.0000	0.0000	0.0000	0.0000	0.0000
3380113661.9219	0.0000	0.0518	60.0085	-0.0046	0.0092	0.0000	0.0000	0.0000	15.6250	0.0000	0.0000	0.0000	0.0000	0.0000	0.0000	0.0000
3380113661.9375	0.0000	0.0518	60.0085	-0.0046	0.0092	0.0000	0.0000	0.0000	31.2500	0.0000	0.0000	0.0000	0.0000	0.0000	0.0000	0.0000
3380113661.9531	0.0000	0.0518	60.0085	-0.0046	0.0092	0.0000	0.0000	0.0000	15.6250	0.0000	0.0000	0.0000	0.0000	0.0000	0.0000	0.0000
3380113661.9844	0.0000	0.0518	60.0085	-0.0046	0.0092	0.0000	0.0000	0.0000	15.6250	0.0000	0.0000	0.0000	0.0000	0.0000	0.0000	0.0000
3380113662.0000	0.0000	0.0518	60.0085	-0.0046	0.0092	0.0000	0.0000	0.0000	31.2500	0.0000	0.0000	0.0000	0.0000	0.0000	0.0000	0.0000
3380113662.0156	0.0000	0.0518	60.0085	-0.0046	0.0092	0.0000	0.0000	0.0000	15.6250	0.0000	0.0000	0.0000	0.0000	0.0000	0.0000	0.0000
