cdm = [
3380176301.1094	0.0000	0.0612	0.0000	-0.0138	-0.0122	-0.0070	-0.0111	0.0000	31.2500	1938.0000	1.0000	27096.0000	27096.0000	1669146322.0000	30.0000	1.5708
3380176301.1250	0.0000	0.0612	0.0000	-0.0138	-0.0122	1.0000	1.0000	0.0000	31.2500	2586.0000	1.0000	27290.0000	27290.0000	1669558502.0000	30.0000	1.5708
3380176301.1406	0.0000	0.0612	0.0000	-0.0199	-0.0138	1.0000	1.0000	0.0000	15.6250	2590.0000	0.0000	27433.0000	27433.0000	1669898878.0000	30.0000	1.5708
3380176301.1562	0.0000	0.0612	0.0000	-0.0245	-0.0138	1.0000	1.0000	0.0000	15.6250	1940.0000	0.0000	27435.0000	27435.0000	1669902760.0000	30.0000	1.5708
3380176301.1875	0.0000	0.0612	0.0000	-0.0291	-0.0138	1.0000	1.0000	0.0000	15.6250	1940.0000	0.0000	27435.0000	27435.0000	1669902760.0000	30.0000	1.5708
3380176301.2031	0.0000	0.0612	0.0000	-0.0337	-0.0138	1.0000	1.0000	0.0000	31.2500	1940.0000	0.0000	27435.0000	27435.0000	1669902760.0000	30.0000	1.5708
3380176301.2187	0.0000	0.0612	0.0000	-0.0367	-0.0153	1.0000	1.0000	0.0000	15.6250	1940.0000	0.0000	27435.0000	27435.0000	1669902760.0000	30.0000	1.5708
3380176301.2500	0.0000	0.0612	0.0000	-0.0413	-0.0153	1.0000	1.0000	0.0000	15.6250	1940.0000	0.0000	27435.0000	27435.0000	1669902760.0000	30.0000	1.5708
3380176301.2656	0.0000	0.0612	0.0000	-0.0444	-0.0168	1.0000	1.0000	0.0000	31.2500	1940.0000	0.0000	27435.0000	27435.0000	1669902760.0000	30.0000	1.5708
3380176301.2812	0.0000	0.0612	0.0000	-0.0490	-0.0168	1.0000	1.0000	0.0000	15.6250	1940.0000	0.0000	27435.0000	27435.0000	1669902760.0000	30.0000	1.5708
3380176301.2969	0.0000	0.0612	0.0000	-0.0505	-0.0168	1.0000	1.0000	0.0000	15.6250	1940.0000	0.0000	27435.0000	27435.0000	1669902760.0000	30.0000	1.5708
3380176301.3281	0.0000	0.0612	0.0000	-0.0535	-0.0168	1.0000	1.0000	0.0000	15.6250	1940.0000	0.0000	27435.0000	27435.0000	1669902760.0000	30.0000	1.5708
3380176301.3437	0.0000	0.0612	0.0000	-0.0566	-0.0168	1.0000	1.0000	0.0000	31.2500	1940.0000	0.0000	27435.0000	27435.0000	1669902760.0000	30.0000	1.5708
3380176301.3594	0.0000	0.0612	0.0000	-0.0597	-0.0168	1.0000	1.0000	0.0000	15.6250	1940.0000	0.0000	27435.0000	27435.0000	1669902760.0000	30.0000	1.5708
3380176301.3750	0.0000	0.0612	0.0000	-0.0612	-0.0168	1.0000	1.0000	0.0000	15.6250	1940.0000	0.0000	27435.0000	27435.0000	1669902760.0000	30.0000	1.5708
3380176301.4062	0.0000	0.0612	0.0000	-0.0612	-0.0168	1.0000	1.0000	0.0000	15.6250	1940.0000	0.0000	27435.0000	27435.0000	1669902760.0000	30.0000	1.5708
3380176301.4219	0.0000	0.0612	0.0000	-0.0627	-0.0168	1.0000	1.0000	0.0000	31.2500	1940.0000	0.0000	27435.0000	27435.0000	1669902760.0000	30.0000	1.5708
3380176301.4375	0.0000	0.0612	0.0000	-0.0643	-0.0168	1.0000	1.0000	0.0000	15.6250	1940.0000	0.0000	27435.0000	27435.0000	1669902760.0000	30.0000	1.5708
3380176301.4687	0.0000	0.0612	0.0000	-0.0643	-0.0168	1.0000	1.0000	0.0000	15.6250	1940.0000	0.0000	27435.0000	27435.0000	1669902760.0000	30.0000	1.5708
3380176301.4844	0.0000	0.0612	0.0000	-0.0643	-0.0168	1.0000	1.0000	0.0000	31.2500	1940.0000	0.0000	27435.0000	27435.0000	1669902760.0000	30.0000	1.5708
3380176301.5000	0.0000	0.0612	0.0000	-0.0643	-0.0168	1.0000	1.0000	0.0000	15.6250	1940.0000	0.0000	27435.0000	27435.0000	1669902760.0000	30.0000	1.5708
3380176301.5156	0.0000	0.0612	0.0000	-0.0643	-0.0168	1.0000	1.0000	0.0000	15.6250	1940.0000	0.0000	27435.0000	27435.0000	1669902760.0000	30.0000	1.5708
3380176301.5469	0.0000	0.0612	0.0000	-0.0643	-0.0168	1.0000	1.0000	0.0000	15.6250	1940.0000	0.0000	27435.0000	27435.0000	1669902760.0000	30.0000	1.5708
3380176301.5625	0.0000	0.0612	0.0000	-0.0627	-0.0168	1.0000	1.0000	0.0000	31.2500	1940.0000	0.0000	27435.0000	27435.0000	1669902760.0000	30.0000	1.5708
3380176301.5781	0.0000	0.0612	0.0000	-0.0612	-0.0153	1.0000	1.0000	0.0000	15.6250	1940.0000	0.0000	27435.0000	27435.0000	1669902760.0000	30.0000	1.5708
3380176301.6094	0.0000	0.0612	0.0000	-0.0597	-0.0153	1.0000	1.0000	0.0000	15.6250	1940.0000	0.0000	27435.0000	27435.0000	1669902760.0000	30.0000	1.5708
3380176301.6250	0.0000	0.0612	0.0000	-0.0581	-0.0153	1.0000	1.0000	0.0000	31.2500	1940.0000	0.0000	27435.0000	27435.0000	1669902760.0000	30.0000	1.5708
3380176301.6406	0.0000	0.0612	0.0000	-0.0566	-0.0153	1.0000	1.0000	0.0000	15.6250	1940.0000	0.0000	27435.0000	27435.0000	1669902760.0000	30.0000	1.5708
3380176301.6562	0.0000	0.0612	0.0000	-0.0535	-0.0153	1.0000	1.0000	0.0000	15.6250	1940.0000	0.0000	27435.0000	27435.0000	1669902760.0000	30.0000	1.5708
3380176301.6875	0.0000	0.0612	0.0000	-0.0505	-0.0138	1.0000	1.0000	0.0000	15.6250	1940.0000	0.0000	27435.0000	27435.0000	1669902760.0000	30.0000	1.5708
3380176301.7031	0.0000	0.0612	0.0000	-0.0474	-0.0138	1.0000	1.0000	0.0000	31.2500	1940.0000	0.0000	27435.0000	27435.0000	1669902760.0000	30.0000	1.5708
3380176301.7187	0.0000	0.0612	0.0000	-0.0428	-0.0122	1.0000	1.0000	0.0000	15.6250	1940.0000	0.0000	27435.0000	27435.0000	1669902760.0000	30.0000	1.5708
3380176301.7500	0.0000	0.0612	0.0000	-0.0398	-0.0107	1.0000	1.0000	0.0000	15.6250	1940.0000	0.0000	27435.0000	27435.0000	1669902760.0000	30.0000	1.5708
3380176301.7656	0.0000	0.0612	0.0000	-0.0352	-0.0107	1.0000	1.0000	0.0000	31.2500	1940.0000	0.0000	27435.0000	27435.0000	1669902760.0000	30.0000	1.5708
3380176301.7812	0.0000	0.0612	0.0000	-0.0321	-0.0107	1.0000	1.0000	0.0000	15.6250	1940.0000	0.0000	27435.0000	27435.0000	1669902760.0000	30.0000	1.5708
3380176301.7969	0.0000	0.0612	0.0000	-0.0275	-0.0092	1.0000	1.0000	0.0000	15.6250	1940.0000	0.0000	27435.0000	27435.0000	1669902760.0000	30.0000	1.5708
3380176301.8281	0.0000	0.0612	0.0000	-0.0229	-0.0092	1.0000	1.0000	0.0000	15.6250	1940.0000	0.0000	27435.0000	27435.0000	1669902760.0000	30.0000	1.5708
3380176301.8437	0.0000	0.0612	0.0000	-0.0168	-0.0076	1.0000	1.0000	0.0000	31.2500	1940.0000	0.0000	27435.0000	27435.0000	1669902760.0000	30.0000	1.5708
3380176301.8594	0.0000	0.0612	0.0000	-0.0122	-0.0061	1.0000	1.0000	0.0000	15.6250	1940.0000	0.0000	27435.0000	27435.0000	1669902760.0000	30.0000	1.5708
3380176301.8750	0.0000	0.0612	0.0000	-0.0076	-0.0061	1.0000	1.0000	0.0000	15.6250	1940.0000	0.0000	27435.0000	27435.0000	1669902760.0000	30.0000	1.5708
3380176301.9062	0.0000	0.0612	0.0000	-0.0046	-0.0046	1.0000	1.0000	0.0000	15.6250	1940.0000	0.0000	27435.0000	27435.0000	1669902760.0000	30.0000	1.5708
3380176301.9219	0.0000	0.0612	0.0000	-0.0031	-0.0046	1.0000	1.0000	0.0000	31.2500	1940.0000	0.0000	27435.0000	27435.0000	1669902760.0000	30.0000	1.5708
3380176301.9375	0.0000	0.0612	0.0000	0.0015	-0.0046	1.0000	1.0000	0.0000	15.6250	1940.0000	0.0000	27435.0000	27435.0000	1669902760.0000	30.0000	1.5708
3380176301.9687	0.0000	0.0612	0.0000	0.0046	-0.0046	1.0000	1.0000	0.0000	15.6250	1940.0000	0.0000	27435.0000	27435.0000	1669902760.0000	30.0000	1.5708
3380176301.9844	0.0000	0.0612	0.0000	0.0076	-0.0046	1.0000	1.0000	0.0000	31.2500	1940.0000	0.0000	27435.0000	27435.0000	1669902760.0000	30.0000	1.5708
3380176302.0000	0.0000	0.0612	0.0000	0.0107	-0.0031	1.0000	1.0000	0.0000	15.6250	1940.0000	0.0000	27435.0000	27435.0000	1669902760.0000	30.0000	1.5708
3380176302.0156	0.0000	0.0612	0.0000	0.0138	-0.0031	1.0000	1.0000	0.0000	15.6250	1940.0000	0.0000	27435.0000	27435.0000	1669902760.0000	30.0000	1.5708
3380176302.0469	0.0000	0.0612	0.0000	0.0168	-0.0031	1.0000	1.0000	0.0000	15.6250	1940.0000	0.0000	27435.0000	27435.0000	1669902760.0000	30.0000	1.5708
3380176302.0625	0.0000	0.0612	0.0000	0.0184	-0.0031	1.0000	1.0000	0.0000	31.2500	1940.0000	0.0000	27435.0000	27435.0000	1669902760.0000	30.0000	1.5708
3380176302.0781	0.0000	0.0612	0.0000	0.0214	-0.0031	1.0000	1.0000	0.0000	15.6250	1940.0000	0.0000	27435.0000	27435.0000	1669902760.0000	30.0000	1.5708
3380176302.1094	0.0000	0.0612	0.0000	0.0245	-0.0015	1.0000	1.0000	0.0000	15.6250	1940.0000	0.0000	27435.0000	27435.0000	1669902760.0000	30.0000	1.5708
3380176302.1250	0.0000	0.0612	0.0000	0.0260	-0.0015	1.0000	1.0000	0.0000	31.2500	1940.0000	0.0000	27435.0000	27435.0000	1669902760.0000	30.0000	1.5708
