cdm = [
3380104170.1875	29.8508	2.0473	60.0085	0.0046	0.0046	-0.0189	0.0000	0.0000	15.6250	29.6330	1.0000	6798.0000	6798.0000	420351.7581	30.0000	1.5708
3380104170.2031	29.8508	2.0473	60.0085	0.0046	0.0046	0.0243	0.0000	0.0000	15.6250	29.6330	1.0000	7022.0000	7022.0000	426989.9725	30.0000	1.5708
3380104170.2187	29.8508	2.0473	60.0085	0.0046	0.0046	0.0735	0.0000	0.0000	15.6250	29.6330	1.0000	7286.0000	7286.0000	434813.4754	30.0000	1.5708
3380104170.2500	29.8508	2.0473	60.0085	0.0046	0.0046	0.1078	0.0000	0.0000	15.6250	29.6330	1.0000	7472.0000	7472.0000	440325.4534	30.0000	1.5708
3380104170.2656	29.8508	2.0473	60.0085	0.0046	0.0046	0.1394	0.0000	0.0000	31.2500	29.6330	1.0000	7482.0000	7482.0000	440621.7832	30.0000	1.5708
3380104170.2812	29.8508	2.0473	60.0085	0.0046	0.0046	0.1414	0.0000	0.0000	15.6250	29.6330	0.0000	7489.0000	7489.0000	440829.2141	30.0000	1.5708
3380104170.3125	29.8508	2.0473	60.0085	0.0046	0.0046	0.1428	0.0000	0.0000	15.6250	29.6330	1.0000	7496.0000	7496.0000	441036.6144	30.0000	1.5708
3380104170.3281	29.8508	2.0473	60.0085	0.0046	0.0046	0.1442	0.0000	0.0000	31.2500	29.6330	1.0000	7506.0000	7506.0000	441332.9442	30.0000	1.5708
3380104170.3437	29.8508	2.0473	60.0085	0.0046	0.0046	0.1461	0.0000	0.0000	15.6250	29.6330	1.0000	7516.0000	7516.0000	441629.2434	30.0000	1.5708
3380104170.3594	29.8508	2.0473	60.0085	0.0046	0.0046	0.1481	0.0000	0.0000	15.6250	29.6330	0.0000	7523.0000	7523.0000	441836.6438	30.0000	1.5708
3380104170.3906	29.8508	2.0473	60.0085	0.0046	0.0046	0.1495	0.0000	0.0000	15.6250	29.6025	1.0000	7532.0000	7532.0000	442103.2795	30.0000	1.5708
3380104170.4062	29.8508	2.0473	60.0085	0.0046	0.0046	0.1512	0.0000	0.0000	31.2500	29.6330	1.0000	7540.0000	7540.0000	442340.3128	30.0000	1.5708
3380104170.4219	29.8508	2.0473	60.0085	0.0046	0.0046	0.1528	0.0000	0.0000	15.6250	29.6330	1.0000	7550.0000	7550.0000	442636.5816	30.0000	1.5708
3380104170.4531	29.8508	2.0473	60.0085	0.0046	0.0046	0.1548	0.0000	0.0000	15.6250	29.6025	1.0000	7558.0000	7558.0000	442873.5538	30.0000	1.5708
3380104170.4687	29.8508	2.0473	60.0085	0.0046	0.0046	0.1564	0.0000	0.0000	31.2500	29.6330	1.0000	7795.0000	7795.0000	449895.5931	30.0000	1.5708
3380104170.4844	29.8508	2.0473	60.0085	0.0046	0.0046	0.2030	0.0000	0.0000	15.6250	29.6330	0.0000	7800.0000	7800.0000	450043.7579	30.0000	1.5708
3380104170.5000	29.8508	2.0473	60.0085	0.0046	0.0046	0.2039	0.0000	0.0000	15.6250	29.6330	0.0000	7800.0000	7800.0000	450043.7579	30.0000	1.5708
3380104170.5312	29.8508	2.0473	60.0085	0.0046	0.0046	0.2039	0.0000	0.0000	15.6250	29.6025	1.0000	7801.0000	7801.0000	450073.3604	30.0000	1.5708
3380104170.5469	29.8508	2.0473	60.0085	0.0046	0.0046	0.2041	0.0000	0.0000	31.2500	29.6330	0.0000	7802.0000	7802.0000	450102.9934	30.0000	1.5708
3380104170.5625	29.8508	2.0473	60.0085	0.0046	0.0046	0.2043	0.0000	0.0000	15.6250	29.6330	0.0000	7802.0000	7802.0000	450102.9934	30.0000	1.5708
3380104170.5937	29.8508	2.0473	60.0085	0.0046	0.0046	0.2043	0.0000	0.0000	15.6250	29.6330	1.0000	7803.0000	7803.0000	450132.6264	30.0000	1.5708
3380104170.6094	29.8508	2.0473	60.0085	0.0046	0.0046	0.2045	0.0000	0.0000	31.2500	29.6330	1.0000	7803.0000	7803.0000	450132.6264	30.0000	1.5708
3380104170.6250	29.8508	2.0473	60.0085	0.0046	0.0046	0.2045	0.0000	0.0000	15.6250	29.6330	0.0000	7804.0000	7804.0000	450162.2593	30.0000	1.5708
3380104170.6406	29.8508	2.0473	60.0085	0.0046	0.0046	0.2047	0.0000	0.0000	15.6250	29.6330	1.0000	7805.0000	7805.0000	450191.8923	30.0000	1.5708
3380104170.6719	29.8508	2.0473	60.0085	0.0046	0.0046	0.2049	0.0000	0.0000	15.6250	29.6330	0.0000	7806.0000	7806.0000	450221.5253	30.0000	1.5708
3380104170.6875	29.8508	2.0473	60.0085	0.0046	0.0046	0.2051	0.0000	0.0000	31.2500	29.6330	0.0000	7806.0000	7806.0000	450221.5253	30.0000	1.5708
3380104170.7031	29.8508	2.0473	60.0085	0.0046	0.0046	0.2051	0.0000	0.0000	15.6250	29.6330	1.0000	7807.0000	7807.0000	450251.1583	30.0000	1.5708
3380104170.7187	29.8508	2.0473	60.0085	0.0046	0.0046	0.2053	0.0000	0.0000	15.6250	29.6025	0.0000	7808.0000	7808.0000	450280.7607	30.0000	1.5708
3380104170.7500	29.8508	2.0473	60.0085	0.0046	0.0046	0.2055	0.0000	0.0000	15.6250	29.6025	0.0000	7808.0000	7808.0000	450280.7607	30.0000	1.5708
3380104170.7656	29.8508	2.0473	60.0085	0.0046	0.0046	0.2055	0.0000	0.0000	31.2500	29.6330	1.0000	7809.0000	7809.0000	450310.3937	30.0000	1.5708
3380104170.7812	29.8508	2.0473	60.0085	0.0046	0.0046	0.2057	0.0000	0.0000	15.6250	29.6330	0.0000	7810.0000	7810.0000	450340.0267	30.0000	1.5708
3380104170.8125	29.8508	2.0473	60.0085	0.0046	0.0046	0.2059	0.0000	0.0000	15.6250	29.6330	1.0000	7811.0000	7811.0000	450369.6597	30.0000	1.5708
3380104170.8281	29.8508	2.0473	60.0085	0.0046	0.0046	0.2061	0.0000	0.0000	31.2500	29.6330	1.0000	7811.0000	7811.0000	450369.6597	30.0000	1.5708
3380104170.8437	29.8508	2.0473	60.0085	0.0046	0.0046	0.2061	0.0000	0.0000	15.6250	29.6330	0.0000	7812.0000	7812.0000	450399.2926	30.0000	1.5708
3380104170.8594	29.8508	2.0473	60.0085	0.0046	0.0046	0.2063	0.0000	0.0000	15.6250	29.6330	1.0000	7813.0000	7813.0000	450428.9256	30.0000	1.5708
3380104170.8906	29.8508	2.0473	60.0085	0.0046	0.0046	0.2065	0.0000	0.0000	15.6250	29.6330	1.0000	7813.0000	7813.0000	450428.9256	30.0000	1.5708
3380104170.9062	29.8508	2.0473	60.0085	0.0046	0.0046	0.2065	0.0000	0.0000	31.2500	29.6330	0.0000	7814.0000	7814.0000	450458.5586	30.0000	1.5708
3380104170.9219	29.8508	2.0473	60.0085	0.0046	0.0046	0.2067	0.0000	0.0000	15.6250	29.6330	1.0000	7815.0000	7815.0000	450488.1916	30.0000	1.5708
3380104170.9531	29.8508	2.0473	60.0085	0.0046	0.0046	0.2069	0.0000	0.0000	15.6250	29.6330	1.0000	7815.0000	7815.0000	450488.1916	30.0000	1.5708
3380104170.9687	29.8508	2.0473	60.0085	0.0046	0.0046	0.2069	0.0000	0.0000	31.2500	29.6025	0.0000	7816.0000	7816.0000	450517.7940	30.0000	1.5708
3380104170.9844	29.8508	2.0473	60.0085	0.0046	0.0046	0.2071	0.0000	0.0000	15.6250	29.6025	0.0000	7816.0000	7816.0000	450517.7940	30.0000	1.5708
3380104171.0000	29.8508	2.0473	60.0085	0.0046	0.0046	0.2071	0.0000	0.0000	15.6250	29.6330	1.0000	7817.0000	7817.0000	450547.4270	30.0000	1.5708
3380104171.0312	29.8508	2.0473	60.0085	0.0046	0.0046	0.2073	0.0000	0.0000	15.6250	29.6330	0.0000	7818.0000	7818.0000	450577.0600	30.0000	1.5708
3380104171.0469	29.8508	2.0473	60.0085	0.0046	0.0046	0.2075	0.0000	0.0000	31.2500	29.6330	0.0000	7818.0000	7818.0000	450577.0600	30.0000	1.5708
3380104171.0625	29.8508	2.0473	60.0085	0.0046	0.0046	0.2075	0.0000	0.0000	15.6250	29.6025	1.0000	7819.0000	7819.0000	450606.6625	30.0000	1.5708
3380104171.0937	29.8508	2.0473	60.0085	0.0046	0.0046	0.2077	0.0000	0.0000	15.6250	29.6330	0.0000	7820.0000	7820.0000	450636.2954	30.0000	1.5708
3380104171.1094	29.8508	2.0473	60.0085	0.0046	0.0046	0.2079	0.0000	0.0000	31.2500	29.6330	1.0000	7821.0000	7821.0000	450665.9284	30.0000	1.5708
3380104171.1250	29.8508	2.0473	60.0085	0.0046	0.0046	0.2081	0.0000	0.0000	15.6250	29.6330	1.0000	7821.0000	7821.0000	450665.9284	30.0000	1.5708
3380104171.1406	29.8508	2.0473	60.0085	0.0046	0.0046	0.2081	0.0000	0.0000	15.6250	29.6330	0.0000	7822.0000	7822.0000	450695.5614	30.0000	1.5708
3380104171.1719	29.8508	2.0473	60.0085	0.0046	0.0046	0.2083	0.0000	0.0000	15.6250	29.6330	1.0000	7823.0000	7823.0000	450725.1944	30.0000	1.5708
3380104171.1875	29.8508	2.0473	60.0085	0.0046	0.0046	0.2085	0.0000	0.0000	31.2500	29.6330	1.0000	7823.0000	7823.0000	450725.1944	30.0000	1.5708
3380104171.2031	29.8508	2.0473	60.0085	0.0046	0.0046	0.2085	0.0000	0.0000	15.6250	29.6025	0.0000	7824.0000	7824.0000	450754.7968	30.0000	1.5708
3380104171.2187	29.8508	2.0473	60.0085	0.0046	0.0046	0.2087	0.0000	0.0000	15.6250	29.6025	0.0000	7824.0000	7824.0000	450754.7968	30.0000	1.5708
3380104171.2500	29.8508	2.0473	60.0085	0.0046	0.0046	0.2087	0.0000	0.0000	15.6250	29.6330	1.0000	7825.0000	7825.0000	450784.4298	30.0000	1.5708
3380104171.2656	29.8508	2.0473	60.0085	0.0046	0.0046	0.2088	0.0000	0.0000	31.2500	29.6330	0.0000	7826.0000	7826.0000	450814.0628	30.0000	1.5708
