cdm = [
3380178781.1562	29.6471	1.5621	0.0000	-0.0015	-0.0046	0.0000	0.0000	0.0000	15.6250	59772.0000	1.0000	46958.0000	46958.0000	1830180632.0000	30.0000	1.5708
3380178781.1875	29.6471	1.5621	0.0000	-0.0015	-0.0046	0.0000	0.0000	0.0000	15.6250	59772.0000	1.0000	46958.0000	46958.0000	1830180632.0000	30.0000	1.5708
3380178781.2031	29.6471	1.5621	0.0000	-0.0015	-0.0046	0.0000	0.0000	0.0000	31.2500	59772.0000	1.0000	46958.0000	46958.0000	1830180632.0000	30.0000	1.5708
3380178781.2187	29.6471	1.5621	0.0000	-0.0015	-0.0046	0.0000	0.0000	0.0000	15.6250	59772.0000	1.0000	46958.0000	46958.0000	1830180632.0000	30.0000	1.5708
3380178781.2500	29.6471	1.5621	0.0000	-0.0015	-0.0031	0.0000	0.0000	0.0000	15.6250	59772.0000	1.0000	46958.0000	46958.0000	1830180632.0000	30.0000	1.5708
3380178781.2656	29.6471	1.5621	0.0000	-0.0015	-0.0031	0.0000	0.0000	0.0000	31.2500	59772.0000	1.0000	46958.0000	46958.0000	1830180632.0000	30.0000	1.5708
3380178781.2812	29.6471	1.5621	0.0000	-0.0015	-0.0031	0.0000	0.0000	0.0000	15.6250	59772.0000	1.0000	46958.0000	46958.0000	1830180632.0000	30.0000	1.5708
3380178781.2969	29.6471	1.5621	0.0000	-0.0015	-0.0031	0.0000	0.0000	0.0000	15.6250	59772.0000	1.0000	46958.0000	46958.0000	1830180632.0000	30.0000	1.5708
3380178781.3281	29.6471	1.5621	0.0000	-0.0015	-0.0031	0.0000	0.0000	0.0000	15.6250	59772.0000	1.0000	46958.0000	46958.0000	1830180632.0000	30.0000	1.5708
3380178781.3437	29.6471	1.5621	0.0000	-0.0015	-0.0031	0.0000	0.0000	0.0000	31.2500	59772.0000	1.0000	46958.0000	46958.0000	1830180632.0000	30.0000	1.5708
3380178781.3594	29.6471	1.5621	0.0000	-0.0015	-0.0031	0.0000	0.0000	0.0000	15.6250	59772.0000	1.0000	46958.0000	46958.0000	1830180632.0000	30.0000	1.5708
3380178781.3750	29.6471	1.5621	0.0000	-0.0015	-0.0015	0.0000	0.0000	0.0000	15.6250	59772.0000	1.0000	46958.0000	46958.0000	1830180632.0000	30.0000	1.5708
3380178781.4062	29.6471	1.5621	0.0000	-0.0015	-0.0015	0.0000	0.0000	0.0000	15.6250	59772.0000	1.0000	46958.0000	46958.0000	1830180632.0000	30.0000	1.5708
3380178781.4219	29.6471	1.5621	0.0000	-0.0015	-0.0015	0.0000	0.0000	0.0000	31.2500	59772.0000	1.0000	46958.0000	46958.0000	1830180632.0000	30.0000	1.5708
3380178781.4375	29.6471	1.5621	0.0000	-0.0015	-0.0015	0.0000	0.0000	0.0000	15.6250	59772.0000	1.0000	46958.0000	46958.0000	1830180632.0000	30.0000	1.5708
3380178781.4687	29.6471	1.5621	0.0000	-0.0015	-0.0015	0.0000	0.0000	0.0000	15.6250	59772.0000	1.0000	46958.0000	46958.0000	1830180632.0000	30.0000	1.5708
3380178781.4844	29.6471	1.5621	0.0000	-0.0015	-0.0015	0.0000	0.0000	0.0000	31.2500	59772.0000	1.0000	46958.0000	46958.0000	1830180632.0000	30.0000	1.5708
3380178781.5000	29.6471	1.5621	0.0000	-0.0015	-0.0015	0.0000	0.0000	0.0000	15.6250	59772.0000	1.0000	46958.0000	46958.0000	1830180632.0000	30.0000	1.5708
3380178781.5156	29.6471	1.5621	0.0000	-0.0015	-0.0015	0.0000	0.0000	0.0000	15.6250	59772.0000	1.0000	46958.0000	46958.0000	1830180632.0000	30.0000	1.5708
3380178781.5469	29.6471	1.5621	0.0000	-0.0015	-0.0015	0.0000	0.0000	0.0000	15.6250	59772.0000	1.0000	46958.0000	46958.0000	1830180632.0000	30.0000	1.5708
3380178781.5625	29.6471	1.5621	0.0000	-0.0015	-0.0015	0.0000	0.0000	0.0000	31.2500	59772.0000	1.0000	46958.0000	46958.0000	1830180632.0000	30.0000	1.5708
3380178781.5781	29.6471	1.5621	0.0000	-0.0015	-0.0015	0.0000	0.0000	0.0000	15.6250	59772.0000	1.0000	46958.0000	46958.0000	1830180632.0000	30.0000	1.5708
3380178781.6094	29.6471	1.5621	0.0000	-0.0015	-0.0015	0.0000	0.0000	0.0000	15.6250	59772.0000	1.0000	46958.0000	46958.0000	1830180632.0000	30.0000	1.5708
3380178781.6250	29.6471	1.5621	0.0000	-0.0015	-0.0015	0.0000	0.0000	0.0000	31.2500	59772.0000	1.0000	46958.0000	46958.0000	1830180632.0000	30.0000	1.5708
3380178781.6406	29.6471	1.5621	0.0000	-0.0015	-0.0015	0.0000	0.0000	0.0000	15.6250	59772.0000	1.0000	46958.0000	46958.0000	1830180632.0000	30.0000	1.5708
3380178781.6562	29.6471	1.5621	0.0000	-0.0015	-0.0015	0.0000	0.0000	0.0000	15.6250	59772.0000	1.0000	46958.0000	46958.0000	1830180632.0000	30.0000	1.5708
3380178781.6875	29.6471	1.5621	0.0000	-0.0015	-0.0015	0.0000	0.0000	0.0000	15.6250	59772.0000	1.0000	46958.0000	46958.0000	1830180632.0000	30.0000	1.5708
3380178781.7031	29.6471	1.5621	0.0000	-0.0015	-0.0015	0.0000	0.0000	0.0000	31.2500	59772.0000	1.0000	46958.0000	46958.0000	1830180632.0000	30.0000	1.5708
3380178781.7187	29.6471	1.5621	0.0000	-0.0015	-0.0015	0.0000	0.0000	0.0000	15.6250	59772.0000	1.0000	46958.0000	46958.0000	1830180632.0000	30.0000	1.5708
3380178781.7500	29.6471	1.5621	0.0000	-0.0015	-0.0015	0.0000	0.0000	0.0000	15.6250	59772.0000	1.0000	46958.0000	46958.0000	1830180632.0000	30.0000	1.5708
3380178781.7656	29.6471	1.5621	0.0000	-0.0015	-0.0015	0.0000	0.0000	0.0000	31.2500	59772.0000	1.0000	46958.0000	46958.0000	1830180632.0000	30.0000	1.5708
3380178781.7812	29.6471	1.5621	0.0000	-0.0015	-0.0015	0.0000	0.0000	0.0000	15.6250	59772.0000	1.0000	46958.0000	46958.0000	1830180632.0000	30.0000	1.5708
3380178781.7969	29.6471	1.5621	0.0000	-0.0015	-0.0015	0.0000	0.0000	0.0000	15.6250	59772.0000	1.0000	46958.0000	46958.0000	1830180632.0000	30.0000	1.5708
3380178781.8281	29.6471	1.5621	0.0000	-0.0015	-0.0015	0.0000	0.0000	0.0000	15.6250	59772.0000	1.0000	46958.0000	46958.0000	1830180632.0000	30.0000	1.5708
3380178781.8437	29.6471	1.5621	0.0000	-0.0015	-0.0015	0.0000	0.0000	0.0000	31.2500	59772.0000	1.0000	46958.0000	46958.0000	1830180632.0000	30.0000	1.5708
3380178781.8594	29.6471	1.5621	0.0000	-0.0015	-0.0015	0.0000	0.0000	0.0000	15.6250	59772.0000	1.0000	46958.0000	46958.0000	1830180632.0000	30.0000	1.5708
3380178781.8750	29.6471	1.5621	0.0000	-0.0015	-0.0015	0.0000	0.0000	0.0000	15.6250	59772.0000	1.0000	46958.0000	46958.0000	1830180632.0000	30.0000	1.5708
3380178781.9062	29.6471	1.5621	0.0000	-0.0015	-0.0015	0.0000	0.0000	0.0000	15.6250	59772.0000	1.0000	46958.0000	46958.0000	1830180632.0000	30.0000	1.5708
3380178781.9219	29.6471	1.5621	0.0000	-0.0015	-0.0015	0.0000	0.0000	0.0000	31.2500	59772.0000	1.0000	46958.0000	46958.0000	1830180632.0000	30.0000	1.5708
3380178781.9375	29.6471	1.5621	0.0000	-0.0015	-0.0031	0.0000	0.0000	0.0000	15.6250	59772.0000	1.0000	46958.0000	46958.0000	1830180632.0000	30.0000	1.5708
3380178781.9687	29.6471	1.5621	0.0000	-0.0015	-0.0031	0.0000	0.0000	0.0000	15.6250	59772.0000	1.0000	46958.0000	46958.0000	1830180632.0000	30.0000	1.5708
3380178781.9844	29.6471	1.5621	0.0000	-0.0015	-0.0031	0.0000	0.0000	0.0000	31.2500	59772.0000	1.0000	46958.0000	46958.0000	1830180632.0000	30.0000	1.5708
3380178782.0000	29.6471	1.5621	0.0000	-0.0015	-0.0031	0.0000	0.0000	0.0000	15.6250	59772.0000	1.0000	46958.0000	46958.0000	1830180632.0000	30.0000	1.5708
3380178782.0156	29.6471	1.5621	0.0000	-0.0015	-0.0031	0.0000	0.0000	0.0000	15.6250	59772.0000	1.0000	46958.0000	46958.0000	1830180632.0000	30.0000	1.5708
3380178782.0469	29.6471	1.5621	0.0000	-0.0015	-0.0031	0.0000	0.0000	0.0000	15.6250	59772.0000	1.0000	46958.0000	46958.0000	1830180632.0000	30.0000	1.5708
3380178782.0625	29.6471	1.5621	0.0000	-0.0015	-0.0031	0.0000	0.0000	0.0000	31.2500	59772.0000	1.0000	46958.0000	46958.0000	1830180632.0000	30.0000	1.5708
3380178782.0781	29.6471	1.5621	0.0000	-0.0015	-0.0046	0.0000	0.0000	0.0000	15.6250	59772.0000	1.0000	46958.0000	46958.0000	1830180632.0000	30.0000	1.5708
3380178782.1094	29.6471	1.5621	0.0000	-0.0015	-0.0046	0.0000	0.0000	0.0000	15.6250	59772.0000	1.0000	46958.0000	46958.0000	1830180632.0000	30.0000	1.5708
3380178782.1250	29.6471	1.5621	0.0000	-0.0015	-0.0046	0.0000	0.0000	0.0000	31.2500	59772.0000	1.0000	46958.0000	46958.0000	1830180632.0000	30.0000	1.5708
3380178782.1406	29.6471	1.5621	0.0000	-0.0015	-0.0046	0.0000	0.0000	0.0000	15.6250	59772.0000	1.0000	46958.0000	46958.0000	1830180632.0000	30.0000	1.5708
3380178782.1562	29.6471	1.5621	0.0000	-0.0015	-0.0046	0.0000	0.0000	0.0000	15.6250	59772.0000	1.0000	46958.0000	46958.0000	1830180632.0000	30.0000	1.5708
